4 1 3
4 6 3
4 6 5
16 6 5
16 6 7
16 13 7
16 13 8
3099 269 4839
3099 3490 4839
3230 3490 4839
3553 3490 4839
3553 3540 4839
3553 6457 4839
5033 6457 4839
5033 6457 5594
5093 6457 5594
9217 6457 5594
9217 6457 8427
9217 6878 8427
9217 7637 8427
9217 8380 8427
5 37 6
14 37 6
14 37 23
447 37 23
447 37 33
447 37 55
447 54 55
447 432 55
447 432 66
447 432 73
447 432 233
447 432 333
447 432 666
447 443 666
447 959 666
810 959 666
810 959 1051
817 959 1051
1010 959 1051
1010 1381 1051
1145 1381 1051
1145 1381 2333
1919 1381 2333
1919 1403 2333
1919 1849 2333
1919 2274 2333
1926 2274 2333
1949 2274 2333
2020 2274 2333
